version https://git-lfs.github.com/spec/v1
oid sha256:525d47350906d467a3548887238afa6eebc319978dc6924caf4eecc78412171a
size 190
